{
  "advancedEditorSelectedIdentifier" : "ProjectBrowser",
  "openSceneRelativePaths" : [
    "whiteNote.usda",
    "blueNote.usda"
  ],
  "recentIdentifiers" : {

  },
  "sceneCameraHistory" : {
    "221075E3-44E3-4407-88C5-6BE8D6C24C0A" : [
      {
        "date" : 776154974.892407,
        "title" : "Untitled",
        "transform" : [
          1,
          0,
          0,
          0,
          0,
          0.7071069,
          -0.70710677,
          0,
          0,
          0.70710677,
          0.7071069,
          0,
          0,
          0.1301762,
          0.1301762,
          1
        ]
      },
      {
        "date" : 776139808.965213,
        "title" : "Untitled",
        "transform" : [
          1,
          0,
          0,
          0,
          0,
          0.7071069,
          -0.70710677,
          0,
          0,
          0.70710677,
          0.7071069,
          0,
          0,
          0.1625521,
          0.1625521,
          1
        ]
      }
    ],
    "2499D8E4-1B5F-49A8-B297-8A398E9DBD1C" : [
      {
        "date" : 776155098.568446,
        "title" : "Untitled",
        "transform" : [
          0.9953366,
          9.5930375e-09,
          0.09646346,
          0,
          0.009928905,
          0.9946887,
          -0.10244932,
          0,
          -0.09595109,
          0.10292933,
          0.99005,
          0,
          -0.0060446775,
          0.09774964,
          0.23616835,
          1
        ]
      },
      {
        "date" : 776155085.048809,
        "title" : "Untitled",
        "transform" : [
          0.9216007,
          6.916557e-09,
          0.38813916,
          0,
          -0.059745014,
          0.9880823,
          0.141859,
          0,
          -0.3835134,
          -0.15392673,
          0.9106173,
          0,
          -0.075250834,
          0.03832476,
          0.2283815,
          1
        ]
      },
      {
        "date" : 776155074.566898,
        "title" : "Untitled",
        "transform" : [
          0.9947575,
          -1.2608119e-09,
          0.102261916,
          0,
          0.027127575,
          0.96417254,
          -0.26388487,
          0,
          -0.09859814,
          0.26527557,
          0.9591179,
          0,
          -0.0062496853,
          0.13447218,
          0.22522847,
          1
        ]
      },
      {
        "date" : 776155063.067281,
        "title" : "Untitled",
        "transform" : [
          -0.008114966,
          -1.609893e-09,
          -0.99996704,
          0,
          0.24469645,
          0.9695977,
          -0.001985754,
          0,
          0.96956575,
          -0.24470451,
          -0.007868249,
          0,
          0.22948693,
          0.016933199,
          -0.009126784,
          1
        ]
      },
      {
        "date" : 776155052.436761,
        "title" : "Untitled",
        "transform" : [
          0.1885278,
          -1.6959194e-09,
          -0.9820678,
          0,
          0.081177145,
          0.99657786,
          0.015583612,
          0,
          0.9787071,
          -0.08265941,
          0.18788263,
          0,
          0.23078305,
          0.054973546,
          0.036748696,
          1
        ]
      },
      {
        "date" : 776155050.901969,
        "title" : "Untitled",
        "transform" : [
          0.27005976,
          -2.32227e-09,
          -0.96284354,
          0,
          0.03783652,
          0.9992276,
          0.010612459,
          0,
          0.96209985,
          -0.03929665,
          0.26985118,
          0,
          0.2261995,
          0.065020084,
          0.055566136,
          1
        ]
      },
      {
        "date" : 776155047.902171,
        "title" : "Untitled",
        "transform" : [
          0.22286756,
          -9.885707e-10,
          -0.9748487,
          0,
          0.23821077,
          0.96968544,
          0.054459203,
          0,
          0.9452966,
          -0.24435668,
          0.21611147,
          0,
          0.23123619,
          0.016692813,
          0.04518977,
          1
        ]
      },
      {
        "date" : 776155042.489951,
        "title" : "Untitled",
        "transform" : [
          0.9994849,
          -4.3522137e-09,
          0.03209093,
          0,
          0.0037759934,
          0.9930532,
          -0.1176059,
          0,
          -0.031868048,
          0.117666475,
          0.9925417,
          0,
          0.00881277,
          0.10062834,
          0.23056541,
          1
        ]
      },
      {
        "date" : 776155038.307325,
        "title" : "Untitled",
        "transform" : [
          0.9994849,
          -4.3522137e-09,
          0.03209093,
          0,
          0.0037759934,
          0.9930532,
          -0.1176059,
          0,
          -0.031868048,
          0.117666475,
          0.9925417,
          0,
          -0.065059476,
          -0.0018531773,
          0.24034284,
          1
        ]
      },
      {
        "date" : 776155030.653382,
        "title" : "Untitled",
        "transform" : [
          0.2738052,
          -4.826761e-09,
          0.96178514,
          0,
          0.24574387,
          0.96680695,
          -0.06995948,
          0,
          -0.92986053,
          0.25550804,
          0.2647167,
          0,
          -0.12651818,
          0.028667318,
          0.01338052,
          1
        ]
      }
    ],
    "38562418-5F42-4451-8862-FF017FB1E3D1" : [
      {
        "date" : 776164112.572298,
        "title" : "Untitled",
        "transform" : [
          0.8016772,
          1.7817874e-09,
          -0.5977569,
          0,
          -0.09627562,
          0.9869443,
          -0.12911932,
          0,
          0.5899529,
          0.16106151,
          0.79121095,
          0,
          0.092628315,
          0.02528817,
          0.12422773,
          1
        ]
      },
      {
        "date" : 776160330.351038,
        "title" : "Untitled",
        "transform" : [
          0.92590034,
          2.169923e-09,
          0.37776765,
          0,
          0.07350754,
          0.98088586,
          -0.18016544,
          0,
          -0.37054697,
          0.19458407,
          0.90820265,
          0,
          -0.058179457,
          0.030551538,
          0.14259656,
          1
        ]
      },
      {
        "date" : 776160321.271389,
        "title" : "Untitled",
        "transform" : [
          0.9999997,
          0,
          0.000793457,
          0,
          0.0005610588,
          0.7071069,
          -0.70710653,
          0,
          -0.00056105887,
          0.70710677,
          0.70710665,
          0,
          -8.809164e-05,
          0.11102256,
          0.111022554,
          1
        ]
      }
    ],
    "B7C75779-00D9-483A-B153-553A9A1E0967" : [
      {
        "date" : 776311822.594946,
        "title" : "Untitled",
        "transform" : [
          0.90180176,
          -5.0209415e-08,
          -0.4321498,
          0,
          -0.21275938,
          0.8704097,
          -0.44398224,
          0,
          0.37614742,
          0.49232793,
          0.78493714,
          0,
          0.16547336,
          0.21658768,
          0.34551185,
          1
        ]
      },
      {
        "date" : 776281739.237853,
        "title" : "Untitled",
        "transform" : [
          0.9018018,
          -5.4619985e-08,
          -0.43214977,
          0,
          -0.21279304,
          0.87036574,
          -0.44405252,
          0,
          0.37612838,
          0.49240583,
          0.78489745,
          0,
          0.010241419,
          0.015098229,
          0.09326038,
          1
        ]
      },
      {
        "date" : 776281734.698866,
        "title" : "Untitled",
        "transform" : [
          0.9018018,
          -4.0886828e-08,
          -0.4321497,
          0,
          -0.21279301,
          0.87036574,
          -0.4440525,
          0,
          0.37612832,
          0.4924058,
          0.78489745,
          0,
          0.16562872,
          0.21698536,
          0.34565425,
          1
        ]
      },
      {
        "date" : 776281732.117098,
        "title" : "Untitled",
        "transform" : [
          0.9018018,
          -2.32388e-08,
          -0.43214968,
          0,
          -0.14704151,
          0.9403328,
          -0.3068435,
          0,
          0.40636453,
          0.340256,
          0.84799385,
          0,
          0.06337178,
          0.056225095,
          0.1410902,
          1
        ]
      },
      {
        "date" : 776281684.944945,
        "title" : "Untitled",
        "transform" : [
          0.9018018,
          -3.6862318e-09,
          -0.43214965,
          0,
          -0.14704148,
          0.94033283,
          -0.30684346,
          0,
          0.40636453,
          0.340256,
          0.84799385,
          0,
          -0.004503952,
          0.0740212,
          0.26348418,
          1
        ]
      },
      {
        "date" : 776281673.865322,
        "title" : "Untitled",
        "transform" : [
          -0.23860477,
          1.1877499e-10,
          -0.9711167,
          0,
          -0.14780353,
          0.9883498,
          0.03631553,
          0,
          0.959803,
          0.15219961,
          -0.235825,
          0,
          0.26657054,
          0.027102869,
          0.055936925,
          1
        ]
      },
      {
        "date" : 776281650.744888,
        "title" : "Untitled",
        "transform" : [
          0.84613276,
          -2.2362894e-09,
          -0.5329722,
          0,
          -0.16289121,
          0.952151,
          -0.25860184,
          0,
          0.5074701,
          0.30562803,
          0.8056461,
          0,
          0.027180351,
          0.065350346,
          0.26441243,
          1
        ]
      },
      {
        "date" : 776281640.078351,
        "title" : "Untitled",
        "transform" : [
          0.84613276,
          -2.2362894e-09,
          -0.5329722,
          0,
          -0.16289121,
          0.952151,
          -0.25860184,
          0,
          0.5074701,
          0.30562803,
          0.8056461,
          0,
          0.01169829,
          0.033478074,
          0.28625548,
          1
        ]
      },
      {
        "date" : 776164120.590895,
        "title" : "Untitled",
        "transform" : [
          0.84613276,
          -2.2362894e-09,
          -0.5329722,
          0,
          -0.16289121,
          0.952151,
          -0.25860184,
          0,
          0.5074701,
          0.30562803,
          0.8056461,
          0,
          0.004228468,
          0.0121009955,
          0.10347,
          1
        ]
      },
      {
        "date" : 776163840.757465,
        "title" : "Untitled",
        "transform" : [
          0.99784917,
          -3.064428e-09,
          -0.0655523,
          0,
          -0.027536718,
          0.90749055,
          -0.41916898,
          0,
          0.059488095,
          0.42007256,
          0.9055387,
          0,
          -0.02080135,
          0.011066742,
          0.050321594,
          1
        ]
      }
    ],
    "BBD66FE3-E890-4E5F-92D7-076D230D7E39" : [
      {
        "date" : 776281928.744248,
        "title" : "Untitled",
        "transform" : [
          1,
          0,
          0,
          0,
          0,
          0.7071069,
          -0.70710677,
          0,
          0,
          0.70710677,
          0.7071069,
          0,
          0,
          0.27806258,
          0.27806264,
          1
        ]
      }
    ]
  },
  "sceneViewportBackgroundColors" : {

  },
  "selectedSceneRelativePath" : "blueNote.usda"
}