{
  "advancedEditorSelectedIdentifier" : "ProjectBrowser",
  "openSceneRelativePaths" : [
    "blackNote.usda",
    "whiteNote.usda"
  ],
  "recentIdentifiers" : {

  },
  "sceneCameraHistory" : {
    "221075E3-44E3-4407-88C5-6BE8D6C24C0A" : [
      {
        "date" : 776154974.892407,
        "title" : "Untitled",
        "transform" : [
          1,
          0,
          0,
          0,
          0,
          0.7071069,
          -0.70710677,
          0,
          0,
          0.70710677,
          0.7071069,
          0,
          0,
          0.1301762,
          0.1301762,
          1
        ]
      },
      {
        "date" : 776139808.965213,
        "title" : "Untitled",
        "transform" : [
          1,
          0,
          0,
          0,
          0,
          0.7071069,
          -0.70710677,
          0,
          0,
          0.70710677,
          0.7071069,
          0,
          0,
          0.1625521,
          0.1625521,
          1
        ]
      }
    ],
    "2499D8E4-1B5F-49A8-B297-8A398E9DBD1C" : [
      {
        "date" : 776155098.568446,
        "title" : "Untitled",
        "transform" : [
          0.9953366,
          9.5930375e-09,
          0.09646346,
          0,
          0.009928905,
          0.9946887,
          -0.10244932,
          0,
          -0.09595109,
          0.10292933,
          0.99005,
          0,
          -0.0060446775,
          0.09774964,
          0.23616835,
          1
        ]
      },
      {
        "date" : 776155085.048809,
        "title" : "Untitled",
        "transform" : [
          0.9216007,
          6.916557e-09,
          0.38813916,
          0,
          -0.059745014,
          0.9880823,
          0.141859,
          0,
          -0.3835134,
          -0.15392673,
          0.9106173,
          0,
          -0.075250834,
          0.03832476,
          0.2283815,
          1
        ]
      },
      {
        "date" : 776155074.566898,
        "title" : "Untitled",
        "transform" : [
          0.9947575,
          -1.2608119e-09,
          0.102261916,
          0,
          0.027127575,
          0.96417254,
          -0.26388487,
          0,
          -0.09859814,
          0.26527557,
          0.9591179,
          0,
          -0.0062496853,
          0.13447218,
          0.22522847,
          1
        ]
      },
      {
        "date" : 776155063.067281,
        "title" : "Untitled",
        "transform" : [
          -0.008114966,
          -1.609893e-09,
          -0.99996704,
          0,
          0.24469645,
          0.9695977,
          -0.001985754,
          0,
          0.96956575,
          -0.24470451,
          -0.007868249,
          0,
          0.22948693,
          0.016933199,
          -0.009126784,
          1
        ]
      },
      {
        "date" : 776155052.436761,
        "title" : "Untitled",
        "transform" : [
          0.1885278,
          -1.6959194e-09,
          -0.9820678,
          0,
          0.081177145,
          0.99657786,
          0.015583612,
          0,
          0.9787071,
          -0.08265941,
          0.18788263,
          0,
          0.23078305,
          0.054973546,
          0.036748696,
          1
        ]
      },
      {
        "date" : 776155050.901969,
        "title" : "Untitled",
        "transform" : [
          0.27005976,
          -2.32227e-09,
          -0.96284354,
          0,
          0.03783652,
          0.9992276,
          0.010612459,
          0,
          0.96209985,
          -0.03929665,
          0.26985118,
          0,
          0.2261995,
          0.065020084,
          0.055566136,
          1
        ]
      },
      {
        "date" : 776155047.902171,
        "title" : "Untitled",
        "transform" : [
          0.22286756,
          -9.885707e-10,
          -0.9748487,
          0,
          0.23821077,
          0.96968544,
          0.054459203,
          0,
          0.9452966,
          -0.24435668,
          0.21611147,
          0,
          0.23123619,
          0.016692813,
          0.04518977,
          1
        ]
      },
      {
        "date" : 776155042.489951,
        "title" : "Untitled",
        "transform" : [
          0.9994849,
          -4.3522137e-09,
          0.03209093,
          0,
          0.0037759934,
          0.9930532,
          -0.1176059,
          0,
          -0.031868048,
          0.117666475,
          0.9925417,
          0,
          0.00881277,
          0.10062834,
          0.23056541,
          1
        ]
      },
      {
        "date" : 776155038.307325,
        "title" : "Untitled",
        "transform" : [
          0.9994849,
          -4.3522137e-09,
          0.03209093,
          0,
          0.0037759934,
          0.9930532,
          -0.1176059,
          0,
          -0.031868048,
          0.117666475,
          0.9925417,
          0,
          -0.065059476,
          -0.0018531773,
          0.24034284,
          1
        ]
      },
      {
        "date" : 776155030.653382,
        "title" : "Untitled",
        "transform" : [
          0.2738052,
          -4.826761e-09,
          0.96178514,
          0,
          0.24574387,
          0.96680695,
          -0.06995948,
          0,
          -0.92986053,
          0.25550804,
          0.2647167,
          0,
          -0.12651818,
          0.028667318,
          0.01338052,
          1
        ]
      }
    ],
    "38562418-5F42-4451-8862-FF017FB1E3D1" : [
      {
        "date" : 776164112.572298,
        "title" : "Untitled",
        "transform" : [
          0.8016772,
          1.7817874e-09,
          -0.5977569,
          0,
          -0.09627562,
          0.9869443,
          -0.12911932,
          0,
          0.5899529,
          0.16106151,
          0.79121095,
          0,
          0.092628315,
          0.02528817,
          0.12422773,
          1
        ]
      },
      {
        "date" : 776160330.351038,
        "title" : "Untitled",
        "transform" : [
          0.92590034,
          2.169923e-09,
          0.37776765,
          0,
          0.07350754,
          0.98088586,
          -0.18016544,
          0,
          -0.37054697,
          0.19458407,
          0.90820265,
          0,
          -0.058179457,
          0.030551538,
          0.14259656,
          1
        ]
      },
      {
        "date" : 776160321.271389,
        "title" : "Untitled",
        "transform" : [
          0.9999997,
          0,
          0.000793457,
          0,
          0.0005610588,
          0.7071069,
          -0.70710653,
          0,
          -0.00056105887,
          0.70710677,
          0.70710665,
          0,
          -8.809164e-05,
          0.11102256,
          0.111022554,
          1
        ]
      }
    ],
    "B7C75779-00D9-483A-B153-553A9A1E0967" : [
      {
        "date" : 776164120.590895,
        "title" : "Untitled",
        "transform" : [
          0.84613276,
          -2.2362894e-09,
          -0.5329722,
          0,
          -0.16289121,
          0.952151,
          -0.25860184,
          0,
          0.5074701,
          0.30562803,
          0.8056461,
          0,
          0.004228468,
          0.0121009955,
          0.10347,
          1
        ]
      },
      {
        "date" : 776163840.757465,
        "title" : "Untitled",
        "transform" : [
          0.99784917,
          -3.064428e-09,
          -0.0655523,
          0,
          -0.027536718,
          0.90749055,
          -0.41916898,
          0,
          0.059488095,
          0.42007256,
          0.9055387,
          0,
          -0.02080135,
          0.011066742,
          0.050321594,
          1
        ]
      },
      {
        "date" : 776163833.977237,
        "title" : "Untitled",
        "transform" : [
          0.99784917,
          -3.064428e-09,
          -0.0655523,
          0,
          -0.027536718,
          0.90749055,
          -0.41916898,
          0,
          0.059488095,
          0.42007256,
          0.9055387,
          0,
          0.0032434072,
          0.016349915,
          0.046291184,
          1
        ]
      },
      {
        "date" : 776163825.991453,
        "title" : "Untitled",
        "transform" : [
          0.99784917,
          -3.064428e-09,
          -0.0655523,
          0,
          -0.027536718,
          0.90749055,
          -0.41916898,
          0,
          0.059488095,
          0.42007256,
          0.9055387,
          0,
          -0.01744111,
          0.019982088,
          0.045965083,
          1
        ]
      },
      {
        "date" : 776163823.858393,
        "title" : "Untitled",
        "transform" : [
          0.99784917,
          -3.064428e-09,
          -0.0655523,
          0,
          -0.027536718,
          0.90749055,
          -0.41916898,
          0,
          0.059488095,
          0.42007256,
          0.9055387,
          0,
          0.0041155512,
          0.023504201,
          0.042915065,
          1
        ]
      },
      {
        "date" : 776163819.601435,
        "title" : "Untitled",
        "transform" : [
          0.99784917,
          -3.064428e-09,
          -0.0655523,
          0,
          -0.027536718,
          0.90749055,
          -0.41916898,
          0,
          0.059488095,
          0.42007256,
          0.9055387,
          0,
          0.024569377,
          0.231966,
          0.249406,
          1
        ]
      },
      {
        "date" : 776160310.970968,
        "title" : "Untitled",
        "transform" : [
          0.98882365,
          5.1729565e-11,
          -0.14908983,
          0,
          0.009861914,
          0.9978099,
          0.065408185,
          0,
          0.14876331,
          -0.0661474,
          0.986658,
          0,
          0.092384644,
          0.036436763,
          0.31836817,
          1
        ]
      },
      {
        "date" : 776160303.564971,
        "title" : "Untitled",
        "transform" : [
          0.02973785,
          7.514513e-11,
          0.99955773,
          0,
          -0.10878087,
          0.9940605,
          0.0032363401,
          0,
          -0.9936209,
          -0.10882893,
          0.029561229,
          0,
          -0.31979656,
          0.022695133,
          0.06337814,
          1
        ]
      }
    ]
  },
  "sceneViewportBackgroundColors" : {

  },
  "selectedSceneRelativePath" : "blackNote.usda"
}